# kódy, ktoré boli niekedy vo feede dodávateľa
034191
034201
034211
10001
100283
100284
100286
100287
100288
100289
100291
100301
100302
100303
100304
100305
100306
1003631
1003671
1003752
101
10114
10210
10211
103013
103024
103025
103033
10304
10306
10306P
10308
103081
10309
10310
103111
103113
103114
103115
103121
103131P
103132P
10315
103151
103153
103155
103157
103191
103192
103193
103201
103202
103204
103205
103207
10322
103221
103222
103223
103224
103228
103243
10326
10328
103281
103291
103295
10330
103301
103303
103304
103308
103311
103312
103321
103322
103323
103359
10406
10422
10423
10433
10487
10503
10507
10508
10509
10510
10511
10512
10513
10515
10516
10517
10518
10519
1052
1054
105411
1059
1059PW
10611
1062SH
1064
1065
1066
106611
1068
1069
1073HI
108010
110100
110403
110406
110600
11103040064
11103040066
11103043484
11103044744
11103046314
11103046316
11103100774
11103118534
11103360504
11103360506
11103361504
11103363854
11103363856
11103364564
11103364954
11103364956
11103365444
11103365446
11103366936
11103367674
11103367676
11104620504
11104620506
11104621504
11104621506
11104623964
11104623966
11104624954
11104624956
11104625854
11104625856
11104626564
11104626566
11113020014
11113020016
11203740504
11203747674
11203747724
11203747774
11203910504
11203914564
11203916624
11203917624
112076
11213863646
11213910506
11213910508
11213911504
11213911506
11213911508
11213913206
11213913208
11213913336
11213914204
11213914208
11213915218
11213916354
11213916356
11213916358
11213917704
11213917706
11213917708
11230
113098
117068
117183
117184
117188
117194
117234
117492
117508
117836
117843
117874
117898
117904
117928
117966
117997
118000
118154
118185
118291
118468
11980
120998
120999
12104233342
12104233344
12104234752
12104234754
12104235852
12104235854
12104236622
12104236624
12104250502
12104250504
12104253552
12104253752
12104253754
12104254502
12104254504
12104255502
12104255504
12104256502
12104256504
12104630503
12104633963
12104634743
12104634963
12104636763
12114036742
12129
12131
12132
12133
12135
12137
12138
12139
12140
12147
12150
12151
12152
12153
12154
12155
12156
12159
12161
12166
12175
12178
12179
12180
12204213176
12204214184
12204214186
12204217564
12204217566
12210
12211
12212
122366
122529
122604
122640
123219
123448
123455
123608
124094
124155
12625
12628
12629
12631
12634
12636
12637
12638
12639
12640
12641
12643
126441
12648
12650
12651
12664
12672
12673
12674
12675
12676
12677
12678
12679
12680
12681
12683
12684
12685
12686
12687
126875
12688
12689
12690
12691
12692
12693
12694
12696
12697
12698
12699
12700
12701
12702
12703
12705
12706
12708
12709
12710
12711
12712
12713
12715
12716
12717
12718
12719
12721
12726
12728
12729
12736
12737
12740
12741
12744
12749
12755
12756
12757
12758
12759
12760
12761
12762
12795
12796
12797
12798
12800
12801
12802
12803
12804
12805
12806
12807
12809
12811
12812
12813
12814
12815
12816
12817
12818
12819
12820
12821
12823
12824
12829
12830
12831
12832
12833
12834
12835
12836
12837
12838
12839
12840
12841
12842
12844
12845
12846
12847
12849
12850
12852
12853
12854
12855
12860
12862
12865
12866
12867
12868
12869
12870
12871
12872
12873
12874
12879
12880
12881
12882
12883
12884
12885
12886
12887
12888
12889
12890
12895
12896
12897
12898
12899
12900
12901
12903
12905
12907
12908
12911
12913
12914
12915
12920
12960
12961
12962
12963
12964
12965
12966
12967
12968
12969
12978
12983
12984
12985
12986
12988
12989
12990
12991
12992
12993
12994
12995
12997
12998
12999
13019
130300022
130300026
130407
13142
131726
13204304002
13204310502
13204310504
13204313292
13204313294
13204314002
13204314004
13204314252
13204314254
13205
132078
13240
1328131
132815
1328177
1328306
1328914
1328924
13304109032
13304109084
13304109191
13304109214
13304138103
13304138262
13304138331
13304138332
13304138362
13304138392
13304138482
13304413281
13304413282
13304413283
13304413284
13304413851
13304413852
13304413853
13304413854
13304414501
13304414503
13304414504
13304415442
13304415443
13304415444
13304416501
13304416502
13304416503
13304416504
13304418111
13304418112
13304418113
13304418114
13304418451
13304418452
13304418453
13304418454
13304418541
13304418542
13304418543
13304418544
13304418551
13304418552
13304418553
13304418554
13304418631
13304418632
13304418634
13304503292
13304503294
13304505202
13304505204
13304509402
13304509404
13304509422
13304509424
13304509432
13304509434
13304509442
13304509444
13304509452
13304509454
13304509472
13304509474
13304509492
13304509494
13342
13367
13374
13413
1346TH
136221
137657
137904
138435
138466
14210
14211
14212
15050
15083
15107
15109115
15109116
15109117
15109118
15110
151861
151862
151863
151864
151865
151866
151867
151878
152
152035
152363
152516
152554
152646
152653
153
153193
153506
153766
153773
154
154053
154817
154848
154916
155
156
1670AG
17007
17017
17019
17029
17031
17035
17043
170507
17107
1728168
17950
18013
18016
180271
18028
180338
180339
18058
18062
18063
18066
18102
1827058
18460
18552
18553
185591
185841
186221
187002
18850
19170
19610
19611
19615
19630
197001
197005
197011
197012
197016
197017
197021
197029
197030
1970301
197031
197038
197039
197040
197065
197087
1970951
197100
197106
197112
197140
1971403
197143
197144
197145
197147
197155
20002
20004
20012
20015
20025
20026
20036
20051
200535
200544
200601
2007353
20328
20329
20335
20336
2049
206221
207001
207002
2070351
207040
2070501
2070702
2071001
207120
2071201
2071402
207160
208107
2081501
21000
21001
21002
21004
21008
21009
21012
21014
21016
21017
21019
21020
210201
210204
210205
21021
21022
210239
21026
210301
210304
21035
21039
21045
21047BL
21050BL
210613
210954
21108
21113
21121
21129C
21129S
21148
21149L  lahev
21161
21162
21163
211852
211853
211855
212193
21223
21225
212252
2123656
2123847
21240
212403
212641
212661
21267
212671
212684
212685
21269
21272
212726
212781
21284
212841
212843
212846
212847
212893
212894
212895
21290
21291
212931
212991
21302L
21304
2130521
21306
21309L
21310
2131521
21316
21318
21322
21330
21331
21342
213425
21352
21361
21362
21365
21366
21370
21371
21373
21374
21377
21378
21379
21401
21408
21428
21450
21451
214511
21452
21463
214631
214681
214861
214871
21489
21498
214982
21499
214991
214993
21500
21501
21502
21506
21508
21509
21510
21511
21512
21513
21515
21516
21518
21521
21524
21525
21527
21528
21529
21530
21531
21532
21533
21534
21535
21537
21538
21539
21540
215404
215408
21541
21543
21545
21546
21548
21549
21550
21551
21552
21553
21554
21555
21556
21557
21558
21559
21560
21561
21562
21563
21565
21567
21568
21569
21570
21571
21576
21577
21581
21582
21583
21584
21586
21587
21589
21590
21592
21593
21594
21595
21600
21603
21606
21607
21608
21609
21610
21611
21612
21613
21614
21615
21616
21617
21619
21620
21621
21625
21626
21628
21629
21630
21631
21632
21633
21634
21635
21636
21638
21639
21640
21641
21644
21645
21646
21647
21648
21649
21650
21651
21652
21653
21655
21656
21657
21658
21659
21660
21661
21662
21664
21665
21666
21667
21668
21671
21672
21675
21679
21683
21684
21685
21686
21687
21688
21693
21695
21696
21697
21699
21700
21702
21708
21709
21710
21711
21712
21716
21720
21721
21722
21723
21724
21725
21726
21728
21729
21730
217301
217305
21731
21732
21733
21734
21735
21736
21737
21738
21739
21740
21741
21742
21743
21744
21745
21746
21747
21748
21749
21750
21751
21757
21758
21759
21760
21761
21764
217641
21765
21766
21770
21771
21772
21773
21774
21776
21777
21778
21779
21780
21785
21788
21790
21791
21792
21794
21804
21806
21808
21809
21810
21811
21812
21813
21814
21816
21817
21821
21823
21824
21825
21828
21829
21830
21831
21833
21834
21836
21838
21839
21840
218401
21841
21842
21843
218431
21849
21850
21851
21852
21853
21854
21855
21857
21858
21859
21860
21861
21864
21865
21866
21867
21868
21869
21870
21872
21873
21874
21877
21878
21879
21880
21881
21883
21884
21885
21886
21887
21889
21890
21891
21892
21894
21895
21896
21897
21898
218982
218985
21899
21900
21901
21902
21903
21904
21905
21906
21907
21908
21909
21910
21911
21912
21913
21914
21915
21918
21919
21920
21921
219221
21923
21924
21925
21926
21927
21929
21930
21931
21932
21933
21934
21935
21936
21937
21940
21941
21942
21943
21944
21945
21946
21953
21954
219541
219545
21955
21956
21957
21958
219581
21959
219591
21960
21962
21963
21964
21965
219651
21966
219661
21967
21968
21969
21970
21971
21972
21974
21979
21980
21981
219815
21982
21983
21985
21986
21987
21988
21989
21992
21997
21998
21999
22000
22001
22005
220051
220052
22006
220100
220101
220102
220103
220104
220105
220108
220109
220110
220111
220112
22012
22013
22014
22016
22018
22019
22020
22021
22022
22023
22024
22025
22027
22028
22029
22030
22031
22032
22033
22034
22035
22039
220415
22067
22068
22069
22070
220753
22091
221092
22129
22141
22142
22143
221445
22145
22146
22147
22148
22148N
22149
22150
22151
22152
22153
22154
22155
22157
22158
22159
22160
22161
22163
22164
22165
221675
22168
22169
22170
22171
221712
221721
221722
221731
221733
221741
22175
22176
22177
22178
22179
22180
22181
221821
22184
22185
22186
2228032
2229014
2229061
2229081
2229107
2229142
2229179
22302
22303
22304
22305
22332
22336
22340
223434
223471
22349
22351
22352
223525
223631
22367
22368
223681
22374
223912
22423
224232
224241
224321
224331
224375P
224381
224383
224401
224411
224441
22445
22449
224491
224501
224534
224537
224539
22455
224551
22459
224595
22463
224631
22464
224643Z
224645
224651
224661
224693
224701
224721P
22473Z
224751
224763
224766
224769
22478
224782
224784
22479
22482
224821
22483
224832
224838
224861
224872
224881
22489
224910
2249131
224915
224916
224917
224919
224924
22495
224971
22500
22502
22503
22505
22507
22508MES
22510
22513
22515
22516
22522
225221
22523
22528
22530
22532
22533
22534
225371P
22537P
22542
22543
2254350
2254360
22546
22547
225501P
22551
225582
225584
225586
225602
225603
225607
22563
22570
22571
22573
225736
22574
22576
22577
22578
22579
22580
22585
22586
22595P
22607P
22608Z
22620P
22621Z
22622
22631P
22632Z
22664P
22665Z
22666PT
22667Z
22668P
22669Z
22700
22701
227010
227011
227012
227015
227016
227018
22702
22703
22704
22705
22706
22708
22709
22710
227119
22711N
22712
22713
22714
22715
22716
22717
22718
22719
22721
22722
227245P
22724P
22725Z
227265Z
227273P
227296Z
227305P
227307P
22731Z
227325Z
227336P
227347Z
22740
22741
22742
22743
22744
22745
22746
22747
22748
22750
22751
22752
22753
22754
22755
22756
22758
22759
22764
22765
22766
227676P
22767P
227686Z
227687Z
22768Z
22777P
22778Z
22779Z
22780
22782
22783
22784
22785
22786
22787
22788
22789
22790
2279099
22791
22792
22800
22802
22803
22804
22805
22806
22807
22808
22810
22814
22815
22816
22824
228241
22826
22827
22828
22830
22831
22835
22839
22840
22841
22841MES
22842
22843
22844
22845
22845MES
22846
22846MES
22847
22848
22849
22850
22851
22852
22852MES
22853
22854
22855
22856
22857
22858
22858MES
22859
22859MES
22860
22860MES
22861
22862
22863
22865
22866
22867
22868
22869
22870
22871
22872
22873
22874
22874MES
22875
22875MES
22876
22877
22878
22879
22880
22883
22885
22887
22889
22890
22895
22896
22897
22898
22899
22900
22901
22902
22903
22903MES
22904
22905
22906
22907
22908
22909
22913
22918
22919
22920
22921
22922
22923
22925
22926
22928
22928MES
229299
22930
22933
22934
22937
22939
22940
22941
22942
22943
22944
22945
22946
22947
22948
22949
22951
22952
22953
22954
22955
22956
22959
22967MX
22969
22973
22976
22986
22987
22988
22990
22991
22992
22994
22995
22996
22997
22999
23003M
230051
23006
23007
23009
23013
23015
23016
23020
23022
23023
23029
23030
230317
23033
230475
23052
230541
230551
230555
23056
230562
230563
23057
23058P
23062
23063Z
230652
230653
230658
23068
230681
230685
23071
23072
23073
23074
23075
23076
23078
23079
23081
23082
23083
23086
23087
23088
23089
2309
23091
23094
23108
23112
23114
231291
23135
23136
23137
23141
23142
23143
23144
23145
23146
23147
23148
23149
23150
23150MES
23151
23152
23153
23159
23172
23177
23190
23191
23192
23194
23196
23198
23199
23200
23201
23202
23203
23205
23206
23207
23208
23209
23210
23213
23214
23215
23216
23217
23218
23219
23220
23261
23262
23265
23268
233817
23401
23470
234704
234705
23489
23490
23491
23492
23499
23501
23503
23504
23511
23512
23517A
23519
23522
23526
23530
23531
23534
23535
235455
23546
23547
23549
23550
23553
23555
235601
23562
235621
235652
23566
235672
23568
235701
23583
23585
23600
23601
23602
23604
23605
23606
23607
236071
23608
23609
23610
236151
236162
236166
236168
236169
23617
236191
23621
236212
236215
236243
236282
236283
23629
23635
23636
23637
23640
23641
23643
23644
23645
23647
23652
236522
23653
23659
23660
23664
23665
23667
23668
23670
23671
23672
236731
236741
236751
236761
23679
23680
23681
23682
23683
23684
23686
23687
236872
23689
23692
23693
23694
23695
23697
23698
23700
237101
237102
237103
237104
23720
23733
23735
23736
23737
23737W
23743
23749
23752
237762
237775
23803
23804
23805
23830
238311
238315
238335
23834
238341
238342
238345
23837
23838
23839
23841
23844
23846
238472
238481
23848PE
238491
23850
23851
23852
23853
23854
23855
23856
238561
23857
23858
23860
23861
23863
23864
238665
23869
238695
23871
23873
23874
238741
23875
23876
23878
23879
23882
23883
23884
23885
23886
23887
23888
238881
23890
23891
23892
23893
23894
23894PE
23895
23896
23897
23898
23899
23900
23902
23903
239031
23905
23909
23911
239111
23912
239121
23913Z
239161
23917
239171
239181
239183
239211
239213
239231
23924
23925
23926
239261
23928
239292
239293
239294
23931
239311
239313
239314
239333
239343
239346
23935
239351
23936
239369
239371
23938
239381
23940
239413
239418
23942
23945
239451
239461
239462
239463
23947
239481
239483
239491
239495
239496
239501
239511
239521
23953
239531
23954P
23957
239571
239590
239591
239593
239594
23960
239601
239602
23962
23965
239691
239695
239701
239703
239731
23974
239741
239743
239751
23976
239761
239775Z
239777Z
239779Z
239791
2397910
239792
239801
239811
239832
23985
239851
23986
239871
23989
239891
239892
23990
239901
23991
239921
239931
239932
23995
239955
23998
23999
24009
240101
240103
240163
24019
240202
240211
24023
24024
24026
24026_1
240275
240277
240278
240291
240294
240295
240296
240297
240298
2402981
240299
24030
240300
24031
24032
240321
240335
240340
24035
240351
240352
240357
240360
240365
240370
240390
240395
240402
24049
240541
240551
240571
240593
240621
240701
240791
240795
24081
240864
240881
240891
240893
240895
240896
24093
240931
241021
24105
241061
241062
241063
24108
241081
241092
241093
241101
24114
241143
241151
241251
241252
241253
241421
241433
241441
24145
241451
241472
241496
241497
241498
24150
241502
241511
24152
241521
24153
241531
241551
24156
241571
24158
24159
24160
24163
241631
24164
24165
241661
241671
24169
241691
24172
241721
241731
241761Z
24177
241775
241778
24178
241795
24181
241811
241821
241853
241855
241861
241871
241903P
241921
241922
241931
241941
241950
241952
241961
241964
241965
2419711
2419713
2419715
2419717
2419719
24198
241982
2419916
2419918
2419996
24208
242112
242113
242115
24254
242641
242681
242682
242688
24269
242691
24272
242721
242741
242761
24278
242841
242842
242844
243361
243371
243391
243392
243393
243395
24343
243434
24345
24350
243505
243511
24352
243521
243992
244021
244022
244035
244241
244246
24433
244332
244335
24439
24456
244561
2445621
244563
2445641
244565
24457
244591
24470
244701
24471
244711
244717
2447171
244719
244761
244764
244765
244771
244781
244801
244811
244821
244831
244851
244852
244861
244871
244881
244892
244893
244894
244895
244896
244901
24491
244921
244931
244941
244942
244946
244947
244948
244951
244971
244981
244990
244995
245001
245004
245005
245006
245007
245015
24508
245231
2452352
245236
245237
24544
24574
24575
24576
24577
24578
24579
24580
24581
24582
24583
24584
24585
24588
24589
24590
24592
24593
24594
24597
24599
245991
24673
24674
24675
24676
24677
24680
24682
24686
24687
24688
24689
24691
24692
24693
24694
24695
24699
24850
24851
24852
24855
24857
24859
24860
24861
250021
25011
25015
25017
25019
25021
25025
25026
25027
25028
250290
25030
25036C
25038
25040
25042
25052
25056
25061
25062
25063
25068
25071
25074
25077
25078
250850
250851
25100C
251040
251050
25113
25117
25121C
25139
251406
25148
25157C
25167
252165
252169
252179
252202
25222
2523411
25240
25250
25253
25254
25283
252848
252863
252871
252891
252901
252911
252921
252928
252930
252932
252934
252936
25296
25298
252991
25300
25302
25303
25304
25305
25315
25324
25325
25328
25333
25335
25336
253371
25338
25344
25348
25351
25356
25357
25358
25360
25361
25364
25365
25371
253751
25380
253801
253811
253831Z
253841
253843
253861
253873
25480
25481
25482
25483
25485
25488
25622
25624
25625
25627
25628
25632
25633
25634
25635
25636
25642
25643
25644
25645
25646
25647
25651
25652
25653
25654
25655
25657
25658
25659
25660
25661
25662
25663
25664
256645
25665
25669
25670
25671
25673
25674
256755
25676
25679
25680
25682
25684
25685
25687
25688
25689
25690
25693
25694
25695
25697
25700
25704
25705
25707
25713
25714
25715
25718
25719
25720
25721
25722
25724
25725
25726
25727
25728
25729
25730
25732
25733
25734
25735
25736
25737
25740
257411
257415
257421
257425
257441
257443
257445
257451
257453
257455
257457
2574609
25752
257531
257535
25754
25755
25756
25757
257581
257585
257587
257591
257601
257611
257621Z
257627Z
257631Z
257641P
257647P
257651P
257661
257671
257671Z
257681
257691
257693
257701
257720
257721
257724
25773
257731
257743
257758
257759
257761
257762
257768
2577710
2577711
257788
259856
25997
25998
25999
26000
26102
26106
26110
26114
26116
26117
26120
26122
26124
26127
26128
26129
261351
26142
26152
26153
26161
26162
26163
26269
26285
26287
26288
26289
26290
26291
26292
26293
26294
26295
26296
26297
26298
26301
26310
26312
26313
26315
26321
26322
26324
26325
26327
26333
26347
26348
26363
26364
26366
26367
26368
26369
26370
26371
26372
26374
26375
26376
27105
27106
27107
27110
27111
27112S
27175
27206
27207
27208
273191Z
27320
27345C
27392B
27393C
27400C
27402C
27403C
27404C
27405C
27406B
27407C
27408C
2746
2747
2748
2749
2750
275001
275011
27502P
275032
275033
275051
275061
275065
275071
275081
27509
2751
27510
275134
275149
27517
2752
2753
28003
28004
28005
280054
280065
28007
28011
28012
28013
28015
28017
28023
28025
28030
28032
28033
28034
28036
28042
28043
28044
28046
28104
28106
28107
28110
28117
28120
28121
28126
28129
28131
28137
28138
28139
28141
28142
28143
28144
28147
28148
28154
28155
28156
28159
281611
28162
28164
28165
28166
28168
2817
28170
28171
28172
28173
28174
28176
28177
28178
28179
28180
28181
28182
28183
28184
28185
28186
28189
2819
28192
28194
2820
28200
28201
28204
28205
28206
28207
28208
28209
28210
28211
28214
28216
28218
28220
28221
28222
28223
28224
28227
28228
28230
28231
28233
28234
28235
28237
28238
28240
28241
28242
28244
282441
28245
28247
28248
28250
28253
28257
28258
28262
28265
28266
28277
28280
28287
28288
282881
28289
28291
28294
283009
283010
283012
28304
28312
28315
28316
28320
28321
28330
28332
28333
28334
28335
28336
28337
28338
28340
28341
28342
28343
28346
283609
28380
28400
28401
28403
28405
28406
28407
28408
28409
28418
28565
28566
28569
28570
28571
28572
28579
28580
28581
28582
28583
28584
28585
28586
285871
28588
28589
28590
28591
28592
28593
28594
28655
28656
28680
28681
28828
28889
28909
28914
28919
28920
28948
28958
28959
28962
28997
28998
29001
29002
29003
29009
29012
29029
29072
29073
29104
29109
29126
29133
29153
29178
29180
29186
29187
29193
29196
29198
29204
29225
29226
29227
29230
29231
292331
292332
292333
292335
292336
292337
29260
29261
29264
29265
29266
29267
293005
293008
29301
293014
293016
293019
293020
293021
293022
293023
293025
29303
293030
29306N
29308
29310
29311
29313
29314
29322
29334
29336
29339
29340
29347
29352
29353
29355
29356
29375
29379
29392
29393
29396
29397
29397EU
293981
29401
29404
29405
294091
294131
29422
29423
29424
29427
29431
294326
294327
29432D120K
29432D95
29432D95K
29432DPL
29434
29436
29443
29448
29470
29480
29481
29482
29483
29490
29492
29501
29502
29505
29506
29508
29510
29511
29512
29513
29514
29516
29517
295200
29524
29525
29529
29532
29536
29537
29539
29545
29546
295461
29547
29550
29552
29553
29554
29555
29558
29559
295591
295592
295593
295594
295595
295596
295597
295598
29560
29568
29570
29571
29572
29573
29574
29576
29577
29578
29579
29580
29581
29583
29588
29589
29590
29592
29593
29598
296001
29602
29609
29610
29611
29612
29614
296141
29617
29628
296291
29630
296301
296302
296303
296304
296328
29633
29636
29637
29638
29639
29650
29651
29652
29658
29659
29660
29668
296721
29678
29682
29688
29698
29700
29706
29707
29708
297081
29709
29710
29711
29712
29713
29714
29739
29742
29761
29767
29769
29775
29781
29783
29784
29792V
29800
29803
29806
29808
29809
29810
29811
29812
29814
29815
29824
29825
29826
29831
29833
29834
29837
29838
29839
29847
29849
29859
29865
29866
29871
29873
29881
29882
29885
29889
29891
29901
29907
29922
29927
29928
29929
29942
29944
29945
29948
29949
29957
29961
29962
29963
29964
29965
29966
29969
29970
29972
29975
29978
29979
29980
29981
29982
29983
29985
29986
29987
29988
29990
29991
29992
29998
29999
30000
300003
30001
300033
300034
300057
300058
300059
300075
300077
30008
30024
30025
30026
30027
30031
30032
30035
30038
30039
30040
30041
30042
30043
300437
30044
30045
30046
30047
30048
30049
30051
30052
30053
30054
300924
301004
301005
301005PE
301006
301008
301013
301014
301015
301022
301055
301077
301078
301083
30113
3011510
3012
301214
3012352
3012355
3012356
3012424
3012426
3012427
3012428
3012429
3012494
3012495
3012496
3012498
3013863
3013864
3014
3015
3015787
3015790
3016
3017
3017223
3017335
3017578
3017584
3018
3018064
3018066
3018067
3018068
3018071
3018076
3018077
3018079
3018080
3018655
3018656
3018658
3018660
3018664
3018665
3018669
3018670
3018673
3018674
3018675
3018680
3018697
3018706
3018707
3018709
3018710
3018711
3018712
3018714
3018777
3018779
3018780
3018781
3018783
3018999
3019023
3019024
3019025
3019026
3019028
3019032
3019033
3019034
3019035
3019036
3019037
3019040
3019051
3019054
3019278
3019382
3019383
3019385
3019387
3019388
3019389
3019390
3019391
3019392
3019393
3019395
3019396
3019397
3019398
3019399
3019730
3019731
3019737
3020092
3020138
3020140
3020141
3020145
3020159
3020260
3020262
3020265
3020266
3020267
3020268
3020269
3020270
3020271
3020282
3020387
3020393
3020413
3020426
3020427
3020428
3020430
3020431
3020432
3020434
3020635
3020760
3020761
3020762
3020763
3020764
3020765
3020766
3020767
3020768
3020769
3020770
3020773
3020778
3020791
3020792
3020793
3020794
3020795
3020796
3021174
3021176
3021214
3021217
3021219
3021221
3021257
3021258
3021259
3021260
3021261
3021262
3021263
3021283
3021300
3021303
3021305
3021306
3021307
3021363
3021365
3021390
3021392
3021414
3021415
3021416
3021417
3021443
3021445
3021446
3021465
3021467
3021483
3021484
3021514
3021515
3021516
3021518
3021519
3021520
3021522
3021523
3021524
3021526
3021527
3021528
3021529
3021531
3021533
3021534
3021539
3021543
3021545
3021551
3021560
3021561
3021562
3021563
3021564
3021566
3021579
3021580
3021582
3021583
3021584
3021588
3021590
3021594
3021595
3021596
3021598
3021600
3021601
3021602
3021603
3021604
3021605
3021608
3021609
3021612
3021613
3021614
3021615
3021616
3021619
3021622
3021624
3021625
3021635
3021636
3021639
3021648
3021651
3021652
3021653
3021707
3021722
3021723
3021726
3021728
3021729
3021730
3021731
3021732
3022
3022515
3022517
3022518
3022519
3022520
3022521
3022522
3022523
3022524
3022525
3022527
3022536
3022537
3022538
3022540
3022544
3022554
3022556
3022558
3022586
3022588
3022589
3022590
3022591
3022592
3022593
3022594
3022595
3022596
3022597
3022598
3022624
3022632
3022633
3022658
3022660
3022661
3022662
3022663
3022664
3022665
3022666
3022667
3022683
3022684
3022685
3022686
3022687
3022689
3022691
3022709
3022713
3022923
3023359
3023620
3023658
3023672
3023676
3023677
3023678
3023679
3023682
3023683
3023684
3023706
3023707
3023763
3023765
3023766
3023767
3023768
3023769
3023770
3023771
3023772
3023774
3023775
3023777
3023779
3023780
3023782
3023795
3023803
3023945
3023949
3023953
3023955
3023956
3024
3024175
3024176
3024177
3024178
3024179
3024203
3024204
3024205
3024206
3024207
3024208
3024209
3024210
3024211
3024288
3024290
3024293
3024294
3024295
3024296
3024297
3024298
3024300
3024302
3024310
3024311
3024312
3024313
3024314
3024315
3024323
3024324
3024325
3024326
3024327
3024328
3024329
3024330
3024340
3024341
3024342
3024343
3024344
303007
303028
303029
303030
303031
303032
303033
303034
303035
303036
303037
303100
303101
303102
303103
303104
303105
303106
303107
303108
303109
303110
303111
303112
303113
303114
303116
3034
303538
3041
3042
3045
30652
30653
308043
308114
309981
3108
3109
311006Z
31100Z
31101Z
311022P
31102P
3110316
3110319
3110322
3110340
3110348
3110349
311041
311043
311048
311051
311055
31107
311105
31111
311121Z
311125Z
311131Z
31114
311151
311153
311166
311175
31119
311201
31120Z
31121P
31122
31123
311231
311241
311251
311261
311265
311271
311281
3113
311302
311311
311321
311341
311351
311355
311357
311361
31137
311371
311381Z
311401
31141
311421
311431
311441
311461
311465
31148
311481
311485
311487
311491
311501
311525
311531
311541
311545
311551
31157
311581
311601
311608
311618
311621
31163
31164
311651
31167
311701
311711
311721
311731
311741
311761
311765
31178
312015
31202P
31203Z
31205
31207
312071
312081
312083
312091
312101
312111
312121
312132
312141
312150
312151
312152
312155
312156
31217
312173
312175
312176
31218
31219
312211
312221
312231
312243
31226
312261
31227
312271
312280
312281
312291
312301
312311
312321
312331
312332
312351
312355
312361
312371
312381
31243
312431
31244
31245
31246
312465
31249
31250
312511Z
312521P
31253
312531
31254
312541
312591
31260
31261
31263
312641
312651
312661
312671P
312681
312684
3146
3147
3148
3149
3150
3151
3152
3153
325101
326117
326118
32612
32613
33001
33002
33003
33004
33005
33006
33007
33008
33009
33010
33011
33012
33013
33014
33015
33016
33017
33018
33019
33020
340041
340300026
340340
350262
350263
350264
350289
350325
350326
350375
350376
350404
350410
350411
350418
350444
350460
350475
350515
350516
350517
350518
350519
350520
350525
350583
350634
350635
350671
350678
350698
350699
3545
359300
359471
359472
359475
360057
360904
372542
3749-s61
3750-s60
3751-s59
3752-s58
3753-s65
3754-s63
3755-s64
3756-s62
3808
386011
390103
390109
390124
390128
398094
398126
398141
398700
398719
398787
401501
401511
401521
401531
401581
401591
401601
401611
401621
401631
401641
401651
404085
408060
41026
411000
411020
411040
411050
411500
42654
426852
430252
430280
439903
439991
449000004350
449000004670
44901000290
44901000370
44901000770
451001
451002
451003
451004
451006
451007
451008
451009
451010
451011
451014
451015
451016
451017
451018
451019
451020
451022
451023
451024
451025
451026
451027
451028
452421
45247
45248
452481
452485
45900
460082
466903
466990
470268
470285
470288
470377
47111
47112
47500
48116
48120
50000
50294
503006
50311
50312
50313
50314
50315
50316
50317
50318
50319
50321
50322
50323
50324
50325
50326
50327
50328
50330
50333
50334
50335
50401
50402
50403
506711
508007
510100
510107
510109
510110
510112
510115
510117
510148
510206
510215
510217
510252
510253
510307
510308
510310
510315
510317
510390
510912
511109
511213
511241LNG
511258
511265
511277
511291LNG
511301
511303
511304
511306
511313
511332LNG
511334
511341
511353
511363DH
511465
511558
511803
511910
511921
512169
512286
512321
512341
512382
512491
512653LNG
512656LNG
514123XXL
514300
514402
514408
515002
515215
515216
515217
515254
515257
516003
516276
516368
516369
516370
516384
517239
517649DH
519100
519101
519102
519103
519104
519122
519123
519124
519125
519127
519189
519192
519193
519871
520062
520669
520860
520880
520882
520993
5210
5211
521220
521221
521300
521408
521599
521720
521753
521756
521759
521761
521875
521876
521920
521943
521956
521967
522004
522414
522432
522629
522643
522646
522675
522680
522692
522694
522701
522860
522865
522870
522877
522881
522887
522891
522892
523333
523335
523336
523346
523382
523426
523428
523669
523747
523748
523780
523812
523835
523859
523864
523865
523878
523891
524007
524691
524706
524733
524828
524838
524839
524870
525000
525003
525231
525431
525432
525440
525442
525443
525455
525501
525656
525680
525683
525820
525823
525932
526006
526202
526210
526212
526218
526221
526226
526228
526410
526612
526616
526643
526644
526646
526673
527022
527028
527041
527042
527056
527080
527404
527406
527417
527422
527455
527459
527461
527491
527508
527520
527735
527736
527737
527738
527743
527763
527790
52780
527811
52783
527841
527843
527851
527865
52787
52788
527891
527892
527907
527908
528117
52872
529045
529079
529085
529106
529115
529125
529137
529151
529161
529295
529299
529320
529551
529588
529589
529593
529700
529721
529727
53358
53600
547003
547028
550101
550102
550103
550104
550110
550111
550112
550113
550114
550120
550121
550122
550123
550124
550130
550131
550132
550133
550134
550135
550136
550137
550138
550139
550140
550141
550142
550143
550144
550145
550146
550147
550148
550149
550150
550151
550152
550153
550154
550155
550156
550157
550158
550159
550160
550161
550162
550163
550164
550165
550166
550167
550168
550169
550170
550171
550172
550173
550174
550180
550181
550182
550183
550184
550190
550191
550192
550193
550200
550201
550202
550203
550204
550205
550300
550301
550302
550303
550310
550311
550312
550313
550320
550321
550322
550323
550400
550401
550402
550403
551043
551045
551054
551061
552501
552554
553046
553051
553052
553201
553202
556027
556028
563421
563451
563461
570030
576572
576573
576574
576592
576593
576594
583003
583004
583006
583011
583012
583014
583015
583018
583019
583030
590005
59570
59640
60019
603027
603028
603029
603034
603051
603063
603065
603069
603070
603074
603075
604015
604020
604203
604204
6108
612021
613091
6135
614981
615001
620901
620911
6230
638081
638091
6403
647061
647071
647081
647141
647211
647541
648471
650071
650081
65009
65010
65020
65022
65025
65036
657331
658001
659864
659873
660211
662441
672501
672511
672521
672531
672551
672561
672571
672581
672611
672621
672771
672781
672791
672801
672941
672951
673261
673311
673321
673341
673351
680
6802
6804
689321
689341
6900
6903
700154
70101
702103
70301
70302
70303
70304
70305
70306
70407
70509
70510
70511
70512
70615
70616
70617
70619
706200
706210
70622
70625
70626
70628
70630
70631
70632
70633
70634
70635
70636
70637
70638
70639
70640
70641
70643
70644
70645
70646
70653
70654
70655
70657
70658
70659
70660
70663
711007
711009
711010
71303
724881
724931
724981
78236
79645
79850
8000
8005
8015M
8020
80207
8021
8023
8025
8026
8027
8030
80781
81051
8115
8116
8120
8153BL
8153BU
8153PN
8153RD
8153YL
8154BU
8154YL
8157BU
8157PN
8157YL
8160BU
8160PN
8160YL
8167BU
8167OR
8167YL
8210
8211
8258
83081
83083
840001
840003
84002
84003
84034
84049
84346
84379
846407
846408
846450
846451
846452
846453
846454
846455
846456
846457
846458
846459
846460
846462
846463
846467
846469
846472
846473
846474
846475
846477
846478
846479
846480
846481
846482
850501
850502
850503
850504
850505
850506
850508
850509
850521
854851
854881
860671
86071
86072
86073
867431
868511
868521
868531
868571
87136
872121
872131
87214
872141
87219
87220
872211
872221
87227
872291
872301
872311
872431
87244
872441
8753099
880267
880435
880448
880900
89206
9107003
910712
910714
910715
911014
911081
92548
92550
92553
954551
954561
954571
955471
961471
96835
980891
980901
9860
9884
A21132
BH-609 D
BH-650-D
BH-650-U
BH-655
BH-665
BH-669
BH-670
BH-676R
BH-682
BH-691
BH-692
BH-698
BH-ACC635S
BL-111W-5
BL-115WOD-1W-2
BL-115WWO-02
BL-183-60W
BL-183-USB
BL-188W-USB
BL-190W
BL-192W-USB
BL-192WGE
BL-193W
BL-196W-USB
BL-198W-USB
BL-199W
BL186WPUSB
LS-039-46
LS-050
LS-056-01
ME330419
ME880305
ME880330
RB-UM5
RF110102
RF110106
RF110107
RF111310
RL-261R
RL-308R
RL-308R-USB
RL-308W
RL-308W-USB
RL-317R-80
RL-317R-USB
RL-317R1W
RL-318R
RL-321R-80
RL-321R-USB-02
RL-324RUSB
RL-326R
RL-326RUSB
RL-333R
RL-338R-H
RL-338R-USB
RL-338R-X
RL-403R
RL-405R
RL-407R
RM140057
RM140098
RM140173
RM140186
RM140225
RM140226
RM140227
RM140235
RM140236
RM140237
RM140241
RM140272
RM140274
RM1402790
RM140282
RM140286
RM140305
RM140312
RM140313
RM140314
RM140316
RM140318
RM140325
RM140326
RM140327
RM140328
RM140334
RM140362
TESTRM2179098
TESTRM2179099
TESTST583015
TESTST583017
TL-279R-03
